### Fill Cross Sections for pi+ off Ar
-------------------------------------------------------------
    N     E(MeV)   Elastic(b)   Inelastic(b)   Total(b)
-------------------------------------------------------------
    0      0.1012      0.1149    0.004628       0.1195
    1      0.1035      0.1149    0.004646       0.1195
    2      0.1059      0.1149    0.004665       0.1195
    3      0.1084      0.1149    0.004685       0.1196
    4      0.1109      0.1149    0.004704       0.1196
    5      0.1135      0.1149    0.004725       0.1196
    6      0.1161      0.1149    0.004745       0.1196
    7      0.1189      0.1149    0.004766       0.1196
    8      0.1216      0.1149    0.004788       0.1197
    9      0.1245      0.1149     0.00481       0.1197
   10      0.1274      0.1149    0.004833       0.1197
   11      0.1303      0.1149    0.004856       0.1197
   12      0.1334      0.1149     0.00488       0.1198
   13      0.1365      0.1149    0.004904       0.1198
   14      0.1396      0.1149    0.004929       0.1198
   15      0.1429      0.1149    0.004955       0.1198
   16      0.1462      0.1149    0.004981       0.1199
   17      0.1496      0.1149    0.005007       0.1199
   18      0.1531      0.1149    0.005035       0.1199
   19      0.1567      0.1149    0.005062       0.1199
   20      0.1603      0.1149    0.005091         0.12
   21      0.1641      0.1149     0.00512         0.12
   22      0.1679      0.1149     0.00515         0.12
   23      0.1718      0.1149    0.005181       0.1201
   24      0.1758      0.1149    0.005212       0.1201
   25      0.1799      0.1149    0.005244       0.1201
   26      0.1841      0.1149    0.005277       0.1202
   27      0.1884      0.1149     0.00531       0.1202
   28      0.1928      0.1149    0.005345       0.1202
   29      0.1972      0.1149     0.00538       0.1203
   30      0.2018      0.1149    0.005416       0.1203
   31      0.2065      0.1149    0.005453       0.1203
   32      0.2113      0.1149     0.00549       0.1204
   33      0.2163      0.1149    0.005529       0.1204
   34      0.2213      0.1149    0.005568       0.1204
   35      0.2265      0.1149    0.005609       0.1205
   36      0.2317      0.1149     0.00565       0.1205
   37      0.2371      0.1149    0.005692       0.1206
   38      0.2427      0.1149    0.005735       0.1206
   39      0.2483      0.1149     0.00578       0.1207
   40      0.2541      0.1149    0.005825       0.1207
   41        0.26      0.1149    0.005871       0.1207
   42      0.2661      0.1149    0.005919       0.1208
   43      0.2723      0.1149    0.005967       0.1208
   44      0.2786      0.1149    0.006017       0.1209
   45      0.2851      0.1149    0.006067       0.1209
   46      0.2917      0.1149    0.006119        0.121
   47      0.2985      0.1149    0.006173        0.121
   48      0.3055      0.1149    0.006227       0.1211
   49      0.3126      0.1149    0.006283       0.1212
   50      0.3199      0.1149     0.00634       0.1212
   51      0.3273      0.1149    0.006398       0.1213
   52       0.335      0.1149    0.006458       0.1213
   53      0.3428      0.1149    0.006519       0.1214
   54      0.3508      0.1149    0.006581       0.1215
   55      0.3589      0.1149    0.006645       0.1215
   56      0.3673      0.1149    0.006711       0.1216
   57      0.3758      0.1149    0.006778       0.1217
   58      0.3846      0.1149    0.006846       0.1217
   59      0.3936      0.1149    0.006916       0.1218
   60      0.4027      0.1149    0.006988       0.1219
   61      0.4121      0.1149    0.007061       0.1219
   62      0.4217      0.1149    0.007136        0.122
   63      0.4315      0.1149    0.007213       0.1221
   64      0.4416      0.1149    0.007292       0.1222
   65      0.4519      0.1149    0.007372       0.1222
   66      0.4624      0.1149    0.007455       0.1223
   67      0.4732      0.1149    0.007539       0.1224
   68      0.4842      0.1149    0.007625       0.1225
   69      0.4955      0.1149    0.007714       0.1226
   70       0.507      0.1149    0.007804       0.1227
   71      0.5188      0.1149    0.007896       0.1228
   72      0.5309      0.1149    0.007991       0.1229
   73      0.5433      0.1149    0.008088        0.123
   74      0.5559      0.1149    0.008187       0.1231
   75      0.5689      0.1149    0.008288       0.1232
   76      0.5821      0.1149    0.008392       0.1233
   77      0.5957      0.1149    0.008498       0.1234
   78      0.6095      0.1149    0.008606       0.1235
   79      0.6237      0.1149    0.008718       0.1236
   80      0.6383      0.1149    0.008831       0.1237
   81      0.6531      0.1149    0.008948       0.1238
   82      0.6683      0.1149    0.009067       0.1239
   83      0.6839      0.1149    0.009188       0.1241
   84      0.6998      0.1149    0.009313       0.1242
   85      0.7161      0.1149    0.009441       0.1243
   86      0.7328      0.1149    0.009571       0.1244
   87      0.7499      0.1149    0.009705       0.1246
   88      0.7674      0.1149    0.009842       0.1247
   89      0.7852      0.1149    0.009981       0.1249
   90      0.8035      0.1149     0.01012        0.125
   91      0.8222      0.1149     0.01027       0.1251
   92      0.8414      0.1149     0.01042       0.1253
   93       0.861      0.1149     0.01057       0.1254
   94       0.881      0.1149     0.01073       0.1256
   95      0.9016      0.1149     0.01089       0.1258
   96      0.9226      0.1149     0.01106       0.1259
   97      0.9441      0.1149     0.01122       0.1261
   98      0.9661      0.1149      0.0114       0.1263
   99      0.9886      0.1149     0.01157       0.1264
  100       1.012      0.1149     0.01175       0.1266
  101       1.035      0.1149     0.01194       0.1268
  102       1.059      0.1149     0.01213        0.127
  103       1.084      0.1149     0.01232       0.1272
  104       1.109      0.1149     0.01252       0.1274
  105       1.135      0.1149     0.01272       0.1276
  106       1.161      0.1149     0.01293       0.1278
  107       1.189      0.1149     0.01314        0.128
  108       1.216      0.1149     0.01335       0.1282
  109       1.245      0.1149     0.01358       0.1285
  110       1.274      0.1149      0.0138       0.1287
  111       1.303      0.1149     0.01403       0.1289
  112       1.334      0.1149     0.01427       0.1291
  113       1.365      0.1149     0.01452       0.1294
  114       1.396      0.1149     0.01476       0.1296
  115       1.429      0.1149     0.01502       0.1299
  116       1.462      0.1149     0.01528       0.1302
  117       1.496      0.1149     0.01555       0.1304
  118       1.531      0.1149     0.01582       0.1307
  119       1.567      0.1149      0.0161        0.131
  120       1.603      0.1149     0.01638       0.1313
  121       1.641      0.1149     0.01668       0.1316
  122       1.679      0.1149     0.01697       0.1318
  123       1.718      0.1149     0.01728       0.1322
  124       1.758      0.1149     0.01759       0.1325
  125       1.799      0.1149     0.01791       0.1328
  126       1.841      0.1149     0.01824       0.1331
  127       1.884      0.1149     0.01858       0.1335
  128       1.928      0.1149     0.01892       0.1338
  129       1.972      0.1149     0.01927       0.1341
  130       2.018      0.1149     0.01963       0.1345
  131       2.065      0.1149        0.02       0.1349
  132       2.113      0.1149     0.02038       0.1353
  133       2.163      0.1149     0.02076       0.1356
  134       2.213      0.1149     0.02116        0.136
  135       2.265      0.1149     0.02156       0.1364
  136       2.317      0.1149     0.02197       0.1368
  137       2.371      0.1149     0.02239       0.1373
  138       2.427      0.1149     0.02283       0.1377
  139       2.483      0.1149     0.02327       0.1381
  140       2.541      0.1149     0.02372       0.1386
  141         2.6      0.1149     0.02418       0.1391
  142       2.661      0.1149     0.02466       0.1395
  143       2.723      0.1149     0.02514         0.14
  144       2.786      0.1149     0.02564       0.1405
  145       2.851      0.1149     0.02615        0.141
  146       2.917      0.1149     0.02667       0.1415
  147       2.985      0.1149      0.0272       0.1421
  148       3.055      0.1149     0.02774       0.1426
  149       3.126      0.1149      0.0283       0.1432
  150       3.199      0.1149     0.02887       0.1437
  151       3.273      0.1149     0.02945       0.1443
  152        3.35      0.1149     0.03005       0.1449
  153       3.428      0.1149     0.03066       0.1455
  154       3.508      0.1149     0.03129       0.1462
  155       3.589      0.1149     0.03192       0.1468
  156       3.673      0.1149     0.03258       0.1475
  157       3.758      0.1149     0.03325       0.1481
  158       3.846      0.1149     0.03393       0.1488
  159       3.936      0.1149     0.03463       0.1495
  160       4.027      0.1149     0.03535       0.1502
  161       4.121      0.1149     0.03609        0.151
  162       4.217      0.1149     0.03684       0.1517
  163       4.315      0.1149     0.03761       0.1525
  164       4.416      0.1149     0.03839       0.1533
  165       4.519      0.1149      0.0392       0.1541
  166       4.624      0.1149     0.04002       0.1549
  167       4.732      0.1149     0.04086       0.1557
  168       4.842      0.1149     0.04173       0.1566
  169       4.955      0.1149     0.04261       0.1575
  170        5.07      0.1149     0.04351       0.1584
  171       5.188      0.1149     0.04444       0.1593
  172       5.309      0.1149     0.04538       0.1603
  173       5.433      0.1149     0.04635       0.1612
  174       5.559      0.1149     0.04734       0.1622
  175       5.689      0.1149     0.04835       0.1632
  176       5.821      0.1149     0.04939       0.1643
  177       5.957      0.1149     0.05045       0.1653
  178       6.095      0.1149     0.05154       0.1664
  179       6.237      0.1149     0.05265       0.1675
  180       6.383      0.1149     0.05379       0.1687
  181       6.531      0.1149     0.05495       0.1698
  182       6.683      0.1149     0.05614        0.171
  183       6.839      0.1149     0.05736       0.1722
  184       6.998      0.1149      0.0586       0.1735
  185       7.161      0.1149     0.05988       0.1748
  186       7.328      0.1149     0.06119       0.1761
  187       7.499      0.1149     0.06252       0.1774
  188       7.674      0.1149     0.06389       0.1788
  189       7.852      0.1149     0.06529       0.1802
  190       8.035      0.1149     0.06672       0.1816
  191       8.222      0.1149     0.06818       0.1831
  192       8.414      0.1149     0.06968       0.1846
  193        8.61      0.1149     0.07122       0.1861
  194        8.81      0.1149     0.07279       0.1877
  195       9.016      0.1149     0.07439       0.1893
  196       9.226      0.1149     0.07603       0.1909
  197       9.441      0.1149     0.07772       0.1926
  198       9.661      0.1149     0.07944       0.1943
  199       9.886      0.1149      0.0812       0.1961
  200       10.12      0.1149       0.083       0.1979
  201       10.35      0.1149     0.08484       0.1997
  202       10.59      0.1149     0.08673       0.2016
  203       10.84      0.1149     0.08866       0.2035
  204       11.09      0.1149     0.09064       0.2055
  205       11.35      0.1149     0.09266       0.2075
  206       11.61      0.1149     0.09473       0.2096
  207       11.89      0.1149     0.09685       0.2117
  208       12.16      0.1149     0.09901       0.2139
  209       12.45      0.1149      0.1012       0.2161
  210       12.74      0.1149      0.1035       0.2184
  211       13.03      0.1149      0.1058       0.2207
  212       13.34      0.1149      0.1082       0.2231
  213       13.65      0.1149      0.1106       0.2255
  214       13.96      0.1149      0.1131        0.228
  215       14.29      0.1149      0.1157       0.2305
  216       14.62      0.1149      0.1183       0.2331
  217       14.96      0.1149      0.1209       0.2358
  218       15.31      0.1149      0.1237       0.2385
  219       15.67      0.1149      0.1264       0.2413
  220       16.03      0.1149      0.1293       0.2442
  221       16.41      0.1149      0.1322       0.2471
  222       16.79      0.1149      0.1352       0.2501
  223       17.18      0.1149      0.1383       0.2532
  224       17.58      0.1149      0.1414       0.2563
  225       17.99      0.1149      0.1446       0.2595
  226       18.41      0.1149      0.1479       0.2628
  227       18.84      0.1149      0.1512       0.2661
  228       19.28      0.1149      0.1547       0.2696
  229       19.72      0.1149      0.1582       0.2731
  230       20.18       0.115      0.1618       0.2768
  231       20.65      0.1154      0.1655       0.2808
  232       21.13      0.1157      0.1692        0.285
  233       21.63      0.1161      0.1731       0.2892
  234       22.13      0.1165       0.177       0.2935
  235       22.65      0.1169      0.1811       0.2979
  236       23.17      0.1172      0.1852       0.3024
  237       23.71      0.1176      0.1894       0.3071
  238       24.27      0.1181      0.1937       0.3118
  239       24.83      0.1185      0.1982       0.3166
  240       25.41      0.1189      0.2027       0.3216
  241          26      0.1194      0.2073       0.3267
  242       26.61      0.1198      0.2121       0.3319
  243       27.23      0.1203      0.2169       0.3372
  244       27.86      0.1207      0.2219       0.3426
  245       28.51      0.1212      0.2269       0.3482
  246       29.17      0.1217      0.2321       0.3539
  247       29.85      0.1222      0.2375       0.3597
  248       30.55      0.1228      0.2429       0.3657
  249       31.26      0.1233      0.2485       0.3718
  250       31.99      0.1238      0.2542        0.378
  251       32.73      0.1244        0.26       0.3844
  252        33.5       0.125       0.266       0.3909
  253       34.28      0.1255      0.2721       0.3976
  254       35.08      0.1261      0.2783       0.4045
  255       35.89      0.1267      0.2847       0.4115
  256       36.73      0.1274      0.2913       0.4186
  257       37.58       0.128       0.298        0.426
  258       38.46      0.1287      0.3048       0.4335
  259       39.36      0.1293      0.3118       0.4411
  260       40.27       0.132      0.3195       0.4515
  261       41.21      0.1395      0.3286       0.4681
  262       42.17      0.1471      0.3379       0.4851
  263       43.15       0.155      0.3475       0.5024
  264       44.16       0.163      0.3573       0.5202
  265       45.19      0.1712      0.3672       0.5384
  266       46.24      0.1796      0.3775        0.557
  267       47.32      0.1882      0.3879       0.5761
  268       48.42       0.197      0.3986       0.5956
  269       49.55       0.206      0.4096       0.6156
  270        50.7      0.2152      0.4208        0.636
  271       51.88      0.2246      0.4323       0.6569
  272       53.09      0.2342       0.444       0.6783
  273       54.33      0.2441       0.456       0.7001
  274       55.59      0.2542      0.4683       0.7225
  275       56.89      0.2645      0.4809       0.7454
  276       58.21      0.2751      0.4938       0.7689
  277       59.57      0.2859       0.507       0.7929
  278       60.95       0.297       0.524        0.821
  279       62.37      0.3083      0.5432       0.8515
  280       63.83      0.3199      0.5628       0.8827
  281       65.31      0.3318      0.5829       0.9146
  282       66.83      0.3439      0.6034       0.9473
  283       68.39      0.3563      0.6244       0.9807
  284       69.98       0.369      0.6459        1.015
  285       71.61       0.382      0.6679         1.05
  286       73.28      0.3953      0.6904        1.086
  287       74.99      0.4089      0.7134        1.122
  288       76.74      0.4229       0.737         1.16
  289       78.52      0.4371      0.7611        1.198
  290       80.35       0.451      0.7833        1.234
  291       82.22      0.4622      0.7956        1.258
  292       84.14      0.4737      0.8081        1.282
  293        86.1      0.4854      0.8209        1.306
  294        88.1      0.4974       0.834        1.331
  295       90.16      0.5096      0.8475        1.357
  296       92.26      0.5222      0.8612        1.383
  297       94.41      0.5351      0.8753         1.41
  298       96.61      0.5482      0.8896        1.438
  299       98.86      0.5617      0.9044        1.466
  300       101.2      0.5691      0.9138        1.483
  301       103.5      0.5703      0.9176        1.488
  302       105.9      0.5715      0.9216        1.493
  303       108.4      0.5728      0.9257        1.498
  304       110.9       0.574      0.9298        1.504
  305       113.5      0.5754      0.9341        1.509
  306       116.1      0.5767      0.9384        1.515
  307       118.9      0.5781      0.9429        1.521
  308       121.6      0.5783      0.9437        1.522
  309       124.5      0.5775      0.9419        1.519
  310       127.4      0.5768      0.9401        1.517
  311       130.3      0.5761      0.9383        1.514
  312       133.4      0.5753      0.9364        1.512
  313       136.5      0.5746      0.9344        1.509
  314       139.6      0.5738      0.9324        1.506
  315       142.9      0.5737      0.9277        1.501
  316       146.2      0.5736      0.9224        1.496
  317       149.6      0.5736      0.9171        1.491
  318       153.1      0.5736      0.9116        1.485
  319       156.7      0.5736       0.906         1.48
  320       160.3      0.5736      0.8999        1.473
  321       164.1      0.5736      0.8892        1.463
  322       167.9      0.5736      0.8783        1.452
  323       171.8      0.5736      0.8671        1.441
  324       175.8      0.5736      0.8557        1.429
  325       179.9      0.5736       0.844        1.418
  326       184.1      0.5716      0.8369        1.408
  327       188.4      0.5694      0.8297        1.399
  328       192.8      0.5672      0.8224         1.39
  329       197.2      0.5649      0.8149         1.38
  330       201.8      0.5626      0.8061        1.369
  331       206.5      0.5603      0.7955        1.356
  332       211.3      0.5579      0.7847        1.343
  333       216.3      0.5554      0.7735        1.329
  334       221.3      0.5527      0.7633        1.316
  335       226.5      0.5492      0.7561        1.305
  336       231.7      0.5457      0.7488        1.294
  337       237.1      0.5421      0.7412        1.283
  338       242.7      0.5385      0.7335        1.272
  339       248.3      0.5347      0.7257         1.26
  340       254.1      0.5324       0.718         1.25
  341         260      0.5306      0.7103        1.241
  342       266.1      0.5288      0.7024        1.231
  343       272.3      0.5269      0.6943        1.221
  344       278.6       0.525       0.686        1.211
  345       285.1       0.523      0.6776        1.201
  346       291.7       0.521      0.6689         1.19
  347       298.5       0.519      0.6601        1.179
  348       305.5       0.509      0.6547        1.164
  349       312.6      0.4967      0.6502        1.147
  350       319.9      0.4841      0.6456         1.13
  351       327.3      0.4712      0.6409        1.112
  352         335      0.4579      0.6361        1.094
  353       342.8      0.4444      0.6311        1.076
  354       350.8       0.431      0.6262        1.057
  355       358.9      0.4215      0.6222        1.044
  356       367.3      0.4119      0.6181         1.03
  357       375.8       0.402       0.614        1.016
  358       384.6      0.3919      0.6097        1.002
  359       393.6      0.3815      0.6053       0.9868
  360       402.7      0.3721      0.6013       0.9733
  361       412.1      0.3651      0.5982       0.9633
  362       421.7      0.3581      0.5951       0.9531
  363       431.5      0.3508      0.5918       0.9427
  364       441.6      0.3434      0.5885       0.9319
  365       451.9      0.3365      0.5856       0.9222
  366       462.4      0.3327      0.5849       0.9176
  367       473.2      0.3288      0.5841       0.9129
  368       484.2      0.3248      0.5833       0.9081
  369       495.5      0.3207      0.5825       0.9032
  370         507      0.3178      0.5824       0.9002
  371       518.8      0.3157      0.5828       0.8985
  372       530.9      0.3135      0.5832       0.8967
  373       543.3      0.3113      0.5836       0.8949
  374       555.9       0.309       0.584       0.8931
  375       568.9      0.3067      0.5844       0.8912
  376       582.1      0.3043      0.5849       0.8892
  377       595.7      0.3019      0.5853       0.8872
  378       609.5      0.3007      0.5862       0.8869
  379       623.7         0.3      0.5873       0.8872
  380       638.3      0.2993      0.5884       0.8876
  381       653.1      0.2985      0.5895        0.888
  382       668.3      0.2978      0.5906       0.8884
  383       683.9       0.297      0.5918       0.8888
  384       699.8      0.2962       0.593       0.8892
  385       716.1      0.2962      0.5943       0.8906
  386       732.8      0.2962      0.5957       0.8919
  387       749.9      0.2962      0.5971       0.8934
  388       767.4      0.2962      0.5986       0.8948
  389       785.2      0.2962      0.6001       0.8963
  390       803.5      0.2964      0.6015       0.8979
  391       822.2      0.2974      0.6024       0.8998
  392       841.4      0.2983      0.6034       0.9017
  393         861      0.2993      0.6044       0.9037
  394         881      0.3003      0.6054       0.9057
  395       901.6      0.3013      0.6064       0.9077
  396       922.6      0.3019      0.6076       0.9095
  397       944.1      0.3026      0.6088       0.9114
  398       966.1      0.3032      0.6101       0.9133
  399       988.6      0.3039      0.6114       0.9152
  400        1012      0.3042       0.611       0.9153
  401        1035      0.3042      0.6091       0.9133
  402        1059      0.3042      0.6071       0.9113
  403        1084      0.3042       0.605       0.9092
  404        1109      0.3042      0.6029       0.9071
  405        1135      0.3042      0.6007       0.9049
  406        1161      0.3042      0.5985       0.9027
  407        1189      0.3042      0.5962       0.9004
  408        1216      0.3042      0.5939       0.8981
  409        1245      0.3042      0.5915       0.8957
  410        1274      0.3042      0.5891       0.8933
  411        1303      0.3042      0.5866       0.8908
  412        1334      0.3042      0.5841       0.8883
  413        1365      0.3042      0.5815       0.8857
  414        1396      0.3042      0.5788        0.883
  415        1429      0.3042      0.5761       0.8803
  416        1462      0.3042      0.5733       0.8775
  417        1496      0.3042      0.5704       0.8746
  418        1531      0.3042      0.5675       0.8717
  419        1567      0.3042      0.5645       0.8687
  420        1603      0.3042      0.5615       0.8656
  421        1641      0.3042      0.5583       0.8625
  422        1679      0.3042      0.5551       0.8593
  423        1718      0.3041      0.5519        0.856
  424        1758      0.3041      0.5485       0.8527
  425        1799      0.3041      0.5451       0.8492
  426        1841      0.3041      0.5416       0.8457
  427        1884      0.3041       0.538       0.8421
  428        1928      0.3041      0.5343       0.8384
  429        1972      0.3041      0.5305       0.8347
  430        2018      0.3035      0.5478       0.8512
  431        2065      0.3018      0.5467       0.8485
  432        2113      0.3002      0.5456       0.8457
  433        2163      0.2984      0.5444       0.8428
  434        2213      0.2967      0.5432       0.8399
  435        2265      0.2949       0.542       0.8369
  436        2317       0.293      0.5408       0.8339
  437        2371      0.2912      0.5396       0.8307
  438        2427      0.2892      0.5383       0.8275
  439        2483      0.2872       0.537       0.8242
  440        2541      0.2852      0.5356       0.8209
  441        2600      0.2832      0.5343       0.8174
  442        2661       0.281      0.5329       0.8139
  443        2723      0.2789      0.5314       0.8103
  444        2786      0.2767      0.5299       0.8066
  445        2851      0.2744      0.5284       0.8028
  446        2917      0.2721      0.5269        0.799
  447        2985      0.2697      0.5253        0.795
  448        3055      0.2681      0.5245       0.7926
  449        3126      0.2667      0.5238       0.7905
  450        3199      0.2652      0.5232       0.7884
  451        3273      0.2638      0.5225       0.7862
  452        3350      0.2622      0.5218        0.784
  453        3428      0.2607      0.5211       0.7818
  454        3508      0.2591      0.5204       0.7795
  455        3589      0.2575      0.5196       0.7771
  456        3673      0.2558      0.5188       0.7747
  457        3758      0.2541      0.5181       0.7722
  458        3846      0.2524      0.5173       0.7696
  459        3936      0.2506      0.5165        0.767
  460        4027      0.2488      0.5156       0.7644
  461        4121      0.2469      0.5148       0.7617
  462        4217       0.245      0.5139       0.7589
  463        4315       0.243       0.513        0.756
  464        4416       0.241      0.5121       0.7531
  465        4519       0.239      0.5111       0.7501
  466        4624      0.2369      0.5102       0.7471
  467        4732      0.2348      0.5092        0.744
  468        4842      0.2326      0.5082       0.7408
  469        4955      0.2303      0.5072       0.7375
  470        5070      0.2293      0.5064       0.7357
  471        5188      0.2289      0.5058       0.7348
  472        5309      0.2286      0.5052       0.7339
  473        5433      0.2283      0.5046        0.733
  474        5559       0.228       0.504        0.732
  475        5689      0.2276      0.5034        0.731
  476        5821      0.2273      0.5028       0.7301
  477        5957       0.227      0.5021        0.729
  478        6095      0.2266      0.5014        0.728
  479        6237      0.2262      0.5007       0.7269
  480        6383      0.2259         0.5       0.7259
  481        6531      0.2255      0.4993       0.7248
  482        6683      0.2251      0.4985       0.7236
  483        6839      0.2247      0.4978       0.7225
  484        6998      0.2243       0.497       0.7213
  485        7161      0.2238      0.4962         0.72
  486        7328      0.2234      0.4954       0.7188
  487        7499       0.223      0.4946       0.7175
  488        7674      0.2225      0.4937       0.7162
  489        7852       0.222      0.4928       0.7149
  490        8035      0.2216      0.4919       0.7135
  491        8222      0.2211       0.491       0.7121
  492        8414      0.2206      0.4901       0.7107
  493        8610      0.2201      0.4891       0.7092
  494        8810      0.2196      0.4882       0.7077
  495        9016       0.219      0.4872       0.7062
  496        9226      0.2185      0.4861       0.7046
  497        9441      0.2179      0.4851        0.703
  498        9661      0.2174       0.484       0.7014
  499        9886      0.2168      0.4829       0.6997
  500   1.012e+04      0.2164      0.4822       0.6986
  501   1.035e+04      0.2163      0.4818       0.6981
  502   1.059e+04      0.2162      0.4815       0.6977
  503   1.084e+04      0.2161      0.4811       0.6972
  504   1.109e+04      0.2159      0.4807       0.6967
  505   1.135e+04      0.2158      0.4803       0.6962
  506   1.161e+04      0.2157      0.4799       0.6956
  507   1.189e+04      0.2156      0.4795       0.6951
  508   1.216e+04      0.2154      0.4791       0.6945
  509   1.245e+04      0.2153      0.4787        0.694
  510   1.274e+04      0.2151      0.4783       0.6934
  511   1.303e+04       0.215      0.4778       0.6928
  512   1.334e+04      0.2148      0.4774       0.6922
  513   1.365e+04      0.2147      0.4769       0.6916
  514   1.396e+04      0.2145      0.4764       0.6909
  515   1.429e+04      0.2144      0.4759       0.6903
  516   1.462e+04      0.2142      0.4754       0.6896
  517   1.496e+04       0.214      0.4749       0.6889
  518   1.531e+04      0.2138      0.4744       0.6882
  519   1.567e+04      0.2137      0.4738       0.6875
  520   1.603e+04      0.2135      0.4733       0.6868
  521   1.641e+04      0.2133      0.4727        0.686
  522   1.679e+04      0.2131      0.4722       0.6853
  523   1.718e+04      0.2129      0.4716       0.6845
  524   1.758e+04      0.2127       0.471       0.6837
  525   1.799e+04      0.2125      0.4704       0.6829
  526   1.841e+04      0.2123      0.4697        0.682
  527   1.884e+04      0.2121      0.4691       0.6812
  528   1.928e+04      0.2119      0.4684       0.6803
  529   1.972e+04      0.2116      0.4678       0.6794
  530   2.018e+04      0.2115      0.4672       0.6787
  531   2.065e+04      0.2115       0.467       0.6784
  532   2.113e+04      0.2114      0.4667       0.6782
  533   2.163e+04      0.2114      0.4665       0.6779
  534   2.213e+04      0.2114      0.4662       0.6776
  535   2.265e+04      0.2113      0.4659       0.6773
  536   2.317e+04      0.2113      0.4656       0.6769
  537   2.371e+04      0.2113      0.4654       0.6766
  538   2.427e+04      0.2112      0.4651       0.6763
  539   2.483e+04      0.2112      0.4648       0.6759
  540   2.541e+04      0.2111      0.4645       0.6756
  541     2.6e+04      0.2111      0.4641       0.6752
  542   2.661e+04      0.2111      0.4638       0.6749
  543   2.723e+04       0.211      0.4635       0.6745
  544   2.786e+04       0.211      0.4631       0.6741
  545   2.851e+04      0.2109      0.4628       0.6737
  546   2.917e+04      0.2109      0.4624       0.6733
  547   2.985e+04      0.2108      0.4621       0.6729
  548   3.055e+04      0.2108      0.4617       0.6725
  549   3.126e+04      0.2107      0.4613       0.6721
  550   3.199e+04      0.2107      0.4609       0.6716
  551   3.273e+04      0.2107      0.4605       0.6712
  552    3.35e+04      0.2106      0.4601       0.6707
  553   3.428e+04      0.2105      0.4597       0.6703
  554   3.508e+04      0.2105      0.4593       0.6698
  555   3.589e+04      0.2104      0.4589       0.6693
  556   3.673e+04      0.2104      0.4584       0.6688
  557   3.758e+04      0.2103       0.458       0.6683
  558   3.846e+04      0.2103      0.4575       0.6678
  559   3.936e+04      0.2102       0.457       0.6672
  560   4.027e+04      0.2101      0.4565       0.6667
  561   4.121e+04      0.2101       0.456       0.6661
  562   4.217e+04        0.21      0.4555       0.6655
  563   4.315e+04        0.21       0.455       0.6649
  564   4.416e+04      0.2099      0.4544       0.6643
  565   4.519e+04      0.2098      0.4539       0.6637
  566   4.624e+04      0.2097      0.4533       0.6631
  567   4.732e+04      0.2097      0.4528       0.6624
  568   4.842e+04      0.2096      0.4522       0.6618
  569   4.955e+04      0.2095      0.4516       0.6611
  570    5.07e+04      0.2095      0.4513       0.6608
  571   5.188e+04      0.2095      0.4512       0.6607
  572   5.309e+04      0.2095      0.4511       0.6606
  573   5.433e+04      0.2095       0.451       0.6605
  574   5.559e+04      0.2095      0.4509       0.6604
  575   5.689e+04      0.2095      0.4508       0.6603
  576   5.821e+04      0.2095      0.4507       0.6602
  577   5.957e+04      0.2095      0.4506         0.66
  578   6.095e+04      0.2095      0.4504       0.6599
  579   6.237e+04      0.2095      0.4503       0.6598
  580   6.383e+04      0.2095      0.4502       0.6597
  581   6.531e+04      0.2095      0.4501       0.6596
  582   6.683e+04      0.2095        0.45       0.6595
  583   6.839e+04      0.2095      0.4498       0.6593
  584   6.998e+04      0.2095      0.4497       0.6592
  585   7.161e+04      0.2095      0.4496       0.6591
  586   7.328e+04      0.2095      0.4494       0.6589
  587   7.499e+04      0.2095      0.4493       0.6588
  588   7.674e+04      0.2095      0.4492       0.6587
  589   7.852e+04      0.2095       0.449       0.6585
  590   8.035e+04      0.2095      0.4489       0.6584
  591   8.222e+04      0.2095      0.4487       0.6582
  592   8.414e+04      0.2095      0.4486       0.6581
  593    8.61e+04      0.2095      0.4484       0.6579
  594    8.81e+04      0.2095      0.4483       0.6577
  595   9.016e+04      0.2095      0.4481       0.6576
  596   9.226e+04      0.2095      0.4481       0.6576
  597   9.441e+04      0.2097      0.4482       0.6579
  598   9.661e+04      0.2098      0.4483       0.6581
  599   9.886e+04      0.2099      0.4485       0.6583
  600   1.012e+05        0.21      0.4486       0.6586
  601   1.035e+05      0.2101      0.4487       0.6588
  602   1.059e+05      0.2102      0.4489       0.6591
  603   1.084e+05      0.2103       0.449       0.6594
  604   1.109e+05      0.2105      0.4492       0.6596
  605   1.135e+05      0.2106      0.4493       0.6599
  606   1.161e+05      0.2107      0.4495       0.6602
  607   1.189e+05      0.2109      0.4496       0.6605
  608   1.216e+05       0.211      0.4498       0.6608
  609   1.245e+05      0.2112      0.4499       0.6611
  610   1.274e+05      0.2113      0.4501       0.6614
  611   1.303e+05      0.2115      0.4503       0.6618
  612   1.334e+05      0.2116      0.4505       0.6621
  613   1.365e+05      0.2118      0.4506       0.6624
  614   1.396e+05      0.2119      0.4508       0.6628
  615   1.429e+05      0.2121       0.451       0.6631
  616   1.462e+05      0.2123      0.4512       0.6635
  617   1.496e+05      0.2124      0.4514       0.6639
  618   1.531e+05      0.2126      0.4516       0.6642
  619   1.567e+05      0.2128      0.4518       0.6646
  620   1.603e+05       0.213       0.452        0.665
  621   1.641e+05      0.2132      0.4522       0.6654
  622   1.679e+05      0.2133      0.4524       0.6658
  623   1.718e+05      0.2135      0.4527       0.6662
  624   1.758e+05      0.2137      0.4529       0.6666
  625   1.799e+05      0.2139      0.4531        0.667
  626   1.841e+05      0.2141      0.4533       0.6674
  627   1.884e+05      0.2143      0.4535       0.6679
  628   1.928e+05      0.2145      0.4538       0.6683
  629   1.972e+05      0.2147       0.454       0.6688
  630   2.018e+05       0.215      0.4543       0.6693
  631   2.065e+05      0.2152      0.4546       0.6698
  632   2.113e+05      0.2155      0.4548       0.6703
  633   2.163e+05      0.2157      0.4551       0.6708
  634   2.213e+05       0.216      0.4554       0.6713
  635   2.265e+05      0.2162      0.4557       0.6719
  636   2.317e+05      0.2165       0.456       0.6724
  637   2.371e+05      0.2167      0.4563        0.673
  638   2.427e+05       0.217      0.4566       0.6736
  639   2.483e+05      0.2173      0.4569       0.6741
  640   2.541e+05      0.2175      0.4572       0.6747
  641     2.6e+05      0.2178      0.4575       0.6753
  642   2.661e+05      0.2181      0.4578       0.6759
  643   2.723e+05      0.2184      0.4581       0.6765
  644   2.786e+05      0.2186      0.4584       0.6771
  645   2.851e+05      0.2189      0.4588       0.6777
  646   2.917e+05      0.2192      0.4591       0.6783
  647   2.985e+05      0.2195      0.4594       0.6789
  648   3.055e+05      0.2198      0.4598       0.6796
  649   3.126e+05      0.2201      0.4601       0.6802
  650   3.199e+05      0.2204      0.4604       0.6809
  651   3.273e+05      0.2207      0.4608       0.6815
  652    3.35e+05       0.221      0.4611       0.6822
  653   3.428e+05      0.2214      0.4615       0.6828
  654   3.508e+05      0.2217      0.4618       0.6835
  655   3.589e+05       0.222      0.4622       0.6842
  656   3.673e+05      0.2223      0.4626       0.6849
  657   3.758e+05      0.2227      0.4629       0.6856
  658   3.846e+05       0.223      0.4633       0.6863
  659   3.936e+05      0.2233      0.4637        0.687
  660   4.027e+05      0.2237      0.4641       0.6877
  661   4.121e+05       0.224      0.4644       0.6884
  662   4.217e+05      0.2243      0.4648       0.6892
  663   4.315e+05      0.2247      0.4652       0.6899
  664   4.416e+05       0.225      0.4656       0.6906
  665   4.519e+05      0.2254       0.466       0.6914
  666   4.624e+05      0.2257      0.4664       0.6921
  667   4.732e+05      0.2261      0.4668       0.6929
  668   4.842e+05      0.2265      0.4672       0.6937
  669   4.955e+05      0.2268      0.4676       0.6944
  670    5.07e+05      0.2272       0.468       0.6952
  671   5.188e+05      0.2276      0.4684        0.696
  672   5.309e+05       0.228      0.4688       0.6968
  673   5.433e+05      0.2283      0.4693       0.6976
  674   5.559e+05      0.2287      0.4697       0.6984
  675   5.689e+05      0.2291      0.4701       0.6992
  676   5.821e+05      0.2295      0.4705          0.7
  677   5.957e+05      0.2299       0.471       0.7008
  678   6.095e+05      0.2303      0.4714       0.7017
  679   6.237e+05      0.2307      0.4718       0.7025
  680   6.383e+05      0.2311      0.4723       0.7033
  681   6.531e+05      0.2315      0.4727       0.7042
  682   6.683e+05      0.2319      0.4732        0.705
  683   6.839e+05      0.2323      0.4736       0.7059
  684   6.998e+05      0.2327      0.4741       0.7068
  685   7.161e+05      0.2331      0.4745       0.7076
  686   7.328e+05      0.2335       0.475       0.7085
  687   7.499e+05      0.2339      0.4754       0.7094
  688   7.674e+05      0.2344      0.4759       0.7103
  689   7.852e+05      0.2348      0.4764       0.7111
  690   8.035e+05      0.2352      0.4768        0.712
  691   8.222e+05      0.2356      0.4773       0.7129
  692   8.414e+05      0.2361      0.4778       0.7139
  693    8.61e+05      0.2365      0.4783       0.7148
  694    8.81e+05       0.237      0.4787       0.7157
  695   9.016e+05      0.2374      0.4792       0.7166
  696   9.226e+05      0.2378      0.4797       0.7175
  697   9.441e+05      0.2383      0.4802       0.7185
  698   9.661e+05      0.2387      0.4807       0.7194
  699   9.886e+05      0.2392      0.4812       0.7204
  700   1.012e+06      0.2396      0.4817       0.7213
  701   1.035e+06      0.2401      0.4822       0.7223
  702   1.059e+06      0.2406      0.4827       0.7232
  703   1.084e+06       0.241      0.4832       0.7242
  704   1.109e+06      0.2415      0.4837       0.7252
  705   1.135e+06       0.242      0.4842       0.7261
  706   1.161e+06      0.2424      0.4847       0.7271
  707   1.189e+06      0.2429      0.4852       0.7281
  708   1.216e+06      0.2434      0.4857       0.7291
  709   1.245e+06      0.2439      0.4862       0.7301
  710   1.274e+06      0.2443      0.4868       0.7311
  711   1.303e+06      0.2448      0.4873       0.7321
  712   1.334e+06      0.2453      0.4878       0.7331
  713   1.365e+06      0.2458      0.4883       0.7341
  714   1.396e+06      0.2463      0.4889       0.7352
  715   1.429e+06      0.2468      0.4894       0.7362
  716   1.462e+06      0.2473      0.4899       0.7372
  717   1.496e+06      0.2478      0.4905       0.7383
  718   1.531e+06      0.2483       0.491       0.7393
  719   1.567e+06      0.2488      0.4915       0.7403
  720   1.603e+06      0.2493      0.4921       0.7414
  721   1.641e+06      0.2498      0.4926       0.7424
  722   1.679e+06      0.2503      0.4932       0.7435
  723   1.718e+06      0.2508      0.4937       0.7446
  724   1.758e+06      0.2514      0.4943       0.7456
  725   1.799e+06      0.2519      0.4948       0.7467
  726   1.841e+06      0.2524      0.4954       0.7478
  727   1.884e+06      0.2529      0.4959       0.7489
  728   1.928e+06      0.2535      0.4965         0.75
  729   1.972e+06       0.254      0.4971        0.751
  730   2.018e+06      0.2545      0.4976       0.7521
  731   2.065e+06      0.2551      0.4982       0.7532
  732   2.113e+06      0.2556      0.4988       0.7543
  733   2.163e+06      0.2561      0.4993       0.7555
  734   2.213e+06      0.2567      0.4999       0.7566
  735   2.265e+06      0.2572      0.5005       0.7577
  736   2.317e+06      0.2578      0.5011       0.7588
  737   2.371e+06      0.2583      0.5016       0.7599
  738   2.427e+06      0.2589      0.5022       0.7611
  739   2.483e+06      0.2594      0.5028       0.7622
  740   2.541e+06        0.26      0.5034       0.7633
  741     2.6e+06      0.2605       0.504       0.7645
  742   2.661e+06      0.2611      0.5045       0.7656
  743   2.723e+06      0.2616      0.5051       0.7668
  744   2.786e+06      0.2622      0.5057       0.7679
  745   2.851e+06      0.2628      0.5063       0.7691
  746   2.917e+06      0.2633      0.5069       0.7703
  747   2.985e+06      0.2639      0.5075       0.7714
  748   3.055e+06      0.2645      0.5081       0.7726
  749   3.126e+06      0.2651      0.5087       0.7738
  750   3.199e+06      0.2656      0.5093       0.7749
  751   3.273e+06      0.2662      0.5099       0.7761
  752    3.35e+06      0.2668      0.5105       0.7773
  753   3.428e+06      0.2674      0.5111       0.7785
  754   3.508e+06       0.268      0.5117       0.7797
  755   3.589e+06      0.2685      0.5123       0.7809
  756   3.673e+06      0.2691       0.513       0.7821
  757   3.758e+06      0.2697      0.5136       0.7833
  758   3.846e+06      0.2703      0.5142       0.7845
  759   3.936e+06      0.2709      0.5148       0.7857
  760   4.027e+06      0.2715      0.5154       0.7869
  761   4.121e+06      0.2721       0.516       0.7882
  762   4.217e+06      0.2727      0.5167       0.7894
  763   4.315e+06      0.2733      0.5173       0.7906
  764   4.416e+06      0.2739      0.5179       0.7918
  765   4.519e+06      0.2745      0.5185       0.7931
  766   4.624e+06      0.2751      0.5192       0.7943
  767   4.732e+06      0.2758      0.5198       0.7955
  768   4.842e+06      0.2764      0.5204       0.7968
  769   4.955e+06       0.277      0.5211        0.798
  770    5.07e+06      0.2776      0.5217       0.7993
  771   5.188e+06      0.2782      0.5223       0.8005
  772   5.309e+06      0.2788       0.523       0.8018
  773   5.433e+06      0.2795      0.5236       0.8031
  774   5.559e+06      0.2801      0.5242       0.8043
  775   5.689e+06      0.2807      0.5249       0.8056
  776   5.821e+06      0.2813      0.5255       0.8069
  777   5.957e+06       0.282      0.5262       0.8081
  778   6.095e+06      0.2826      0.5268       0.8094
  779   6.237e+06      0.2832      0.5275       0.8107
  780   6.383e+06      0.2839      0.5281        0.812
  781   6.531e+06      0.2845      0.5287       0.8133
  782   6.683e+06      0.2852      0.5294       0.8146
  783   6.839e+06      0.2858        0.53       0.8158
  784   6.998e+06      0.2864      0.5307       0.8171
  785   7.161e+06      0.2871      0.5314       0.8184
  786   7.328e+06      0.2877       0.532       0.8197
  787   7.499e+06      0.2884      0.5327        0.821
  788   7.674e+06       0.289      0.5333       0.8224
  789   7.852e+06      0.2897       0.534       0.8237
  790   8.035e+06      0.2903      0.5346        0.825
  791   8.222e+06       0.291      0.5353       0.8263
  792   8.414e+06      0.2917       0.536       0.8276
  793    8.61e+06      0.2923      0.5366       0.8289
  794    8.81e+06       0.293      0.5373       0.8303
  795   9.016e+06      0.2936       0.538       0.8316
  796   9.226e+06      0.2943      0.5386       0.8329
  797   9.441e+06       0.295      0.5393       0.8343
  798   9.661e+06      0.2956        0.54       0.8356
  799   9.886e+06      0.2963      0.5406       0.8369
