### Fill Cross Sections for pi- off Ar
-------------------------------------------------------------
    N     E(MeV)   Elastic(b)   Inelastic(b)   Total(b)
-------------------------------------------------------------
    0      0.1012      0.3291       0.356       0.6851
    1      0.1035      0.3291       0.356       0.6851
    2      0.1059      0.3291       0.356       0.6851
    3      0.1084      0.3291      0.3561       0.6851
    4      0.1109      0.3291      0.3561       0.6852
    5      0.1135      0.3291      0.3561       0.6852
    6      0.1161      0.3291      0.3561       0.6852
    7      0.1189      0.3291      0.3561       0.6852
    8      0.1216      0.3291      0.3561       0.6852
    9      0.1245      0.3291      0.3561       0.6852
   10      0.1274      0.3291      0.3561       0.6852
   11      0.1303      0.3291      0.3561       0.6852
   12      0.1334      0.3291      0.3562       0.6852
   13      0.1365      0.3291      0.3562       0.6853
   14      0.1396      0.3291      0.3562       0.6853
   15      0.1429      0.3291      0.3562       0.6853
   16      0.1462      0.3291      0.3562       0.6853
   17      0.1496      0.3291      0.3562       0.6853
   18      0.1531      0.3291      0.3562       0.6853
   19      0.1567      0.3291      0.3562       0.6853
   20      0.1603      0.3291      0.3563       0.6853
   21      0.1641      0.3291      0.3563       0.6854
   22      0.1679      0.3291      0.3563       0.6854
   23      0.1718      0.3291      0.3563       0.6854
   24      0.1758      0.3291      0.3563       0.6854
   25      0.1799      0.3291      0.3563       0.6854
   26      0.1841      0.3291      0.3564       0.6854
   27      0.1884      0.3291      0.3564       0.6855
   28      0.1928      0.3291      0.3564       0.6855
   29      0.1972      0.3291      0.3564       0.6855
   30      0.2018      0.3291      0.3564       0.6855
   31      0.2065      0.3291      0.3564       0.6855
   32      0.2113      0.3291      0.3565       0.6856
   33      0.2163      0.3291      0.3565       0.6856
   34      0.2213      0.3291      0.3565       0.6856
   35      0.2265      0.3291      0.3565       0.6856
   36      0.2317      0.3291      0.3565       0.6856
   37      0.2371      0.3291      0.3566       0.6857
   38      0.2427      0.3291      0.3566       0.6857
   39      0.2483      0.3291      0.3566       0.6857
   40      0.2541      0.3291      0.3566       0.6857
   41        0.26      0.3291      0.3567       0.6857
   42      0.2661      0.3291      0.3567       0.6858
   43      0.2723      0.3291      0.3567       0.6858
   44      0.2786      0.3291      0.3567       0.6858
   45      0.2851      0.3291      0.3568       0.6858
   46      0.2917      0.3291      0.3568       0.6859
   47      0.2985      0.3291      0.3568       0.6859
   48      0.3055      0.3291      0.3568       0.6859
   49      0.3126      0.3291      0.3569        0.686
   50      0.3199      0.3291      0.3569        0.686
   51      0.3273      0.3291      0.3569        0.686
   52       0.335      0.3291       0.357        0.686
   53      0.3428      0.3291       0.357       0.6861
   54      0.3508      0.3291       0.357       0.6861
   55      0.3589      0.3291      0.3571       0.6861
   56      0.3673      0.3291      0.3571       0.6862
   57      0.3758      0.3291      0.3571       0.6862
   58      0.3846      0.3291      0.3572       0.6862
   59      0.3936      0.3291      0.3572       0.6863
   60      0.4027      0.3291      0.3572       0.6863
   61      0.4121      0.3291      0.3573       0.6864
   62      0.4217      0.3291      0.3573       0.6864
   63      0.4315      0.3291      0.3573       0.6864
   64      0.4416      0.3291      0.3574       0.6865
   65      0.4519      0.3291      0.3574       0.6865
   66      0.4624      0.3291      0.3575       0.6866
   67      0.4732      0.3291      0.3575       0.6866
   68      0.4842      0.3291      0.3576       0.6866
   69      0.4955      0.3291      0.3576       0.6867
   70       0.507      0.3291      0.3576       0.6867
   71      0.5188      0.3291      0.3577       0.6868
   72      0.5309      0.3291      0.3577       0.6868
   73      0.5433      0.3291      0.3578       0.6869
   74      0.5559      0.3291      0.3578       0.6869
   75      0.5689      0.3291      0.3579        0.687
   76      0.5821      0.3291       0.358        0.687
   77      0.5957      0.3291       0.358       0.6871
   78      0.6095      0.3291      0.3581       0.6871
   79      0.6237      0.3291      0.3581       0.6872
   80      0.6383      0.3291      0.3582       0.6873
   81      0.6531      0.3291      0.3582       0.6873
   82      0.6683      0.3291      0.3583       0.6874
   83      0.6839      0.3291      0.3584       0.6874
   84      0.6998      0.3291      0.3584       0.6875
   85      0.7161      0.3291      0.3585       0.6876
   86      0.7328      0.3291      0.3586       0.6876
   87      0.7499      0.3291      0.3586       0.6877
   88      0.7674      0.3291      0.3587       0.6878
   89      0.7852      0.3291      0.3588       0.6879
   90      0.8035      0.3291      0.3588       0.6879
   91      0.8222      0.3291      0.3589        0.688
   92      0.8414      0.3291       0.359       0.6881
   93       0.861      0.3291      0.3591       0.6882
   94       0.881      0.3291      0.3591       0.6882
   95      0.9016      0.3291      0.3592       0.6883
   96      0.9226      0.3291      0.3593       0.6884
   97      0.9441      0.3291      0.3594       0.6885
   98      0.9661      0.3291      0.3595       0.6886
   99      0.9886      0.3291      0.3596       0.6887
  100       1.012      0.3291      0.3597       0.6888
  101       1.035      0.3291      0.3598       0.6889
  102       1.059      0.3291      0.3599        0.689
  103       1.084      0.3291        0.36       0.6891
  104       1.109      0.3291      0.3601       0.6892
  105       1.135      0.3291      0.3602       0.6893
  106       1.161      0.3291      0.3603       0.6894
  107       1.189      0.3291      0.3604       0.6895
  108       1.216      0.3291      0.3605       0.6896
  109       1.245      0.3291      0.3606       0.6897
  110       1.274      0.3291      0.3607       0.6898
  111       1.303      0.3291      0.3608       0.6899
  112       1.334      0.3291       0.361       0.6901
  113       1.365      0.3291      0.3611       0.6902
  114       1.396      0.3291      0.3612       0.6903
  115       1.429      0.3291      0.3613       0.6904
  116       1.462      0.3291      0.3615       0.6906
  117       1.496      0.3291      0.3616       0.6907
  118       1.531      0.3291      0.3618       0.6908
  119       1.567      0.3291      0.3619        0.691
  120       1.603      0.3291       0.362       0.6911
  121       1.641      0.3291      0.3622       0.6913
  122       1.679      0.3291      0.3623       0.6914
  123       1.718      0.3291      0.3625       0.6916
  124       1.758      0.3291      0.3627       0.6918
  125       1.799      0.3291      0.3628       0.6919
  126       1.841      0.3291       0.363       0.6921
  127       1.884      0.3291      0.3632       0.6923
  128       1.928      0.3291      0.3633       0.6924
  129       1.972      0.3291      0.3635       0.6926
  130       2.018      0.3291      0.3637       0.6928
  131       2.065      0.3291      0.3639        0.693
  132       2.113      0.3291      0.3641       0.6932
  133       2.163      0.3291      0.3643       0.6934
  134       2.213      0.3291      0.3645       0.6936
  135       2.265      0.3291      0.3647       0.6938
  136       2.317      0.3291      0.3649        0.694
  137       2.371      0.3291      0.3651       0.6942
  138       2.427      0.3291      0.3653       0.6944
  139       2.483      0.3291      0.3656       0.6947
  140       2.541      0.3291      0.3658       0.6949
  141         2.6      0.3291       0.366       0.6951
  142       2.661      0.3291      0.3663       0.6954
  143       2.723      0.3291      0.3665       0.6956
  144       2.786      0.3291      0.3668       0.6959
  145       2.851      0.3291       0.367       0.6961
  146       2.917      0.3291      0.3673       0.6964
  147       2.985      0.3291      0.3676       0.6967
  148       3.055      0.3291      0.3679        0.697
  149       3.126      0.3291      0.3681       0.6972
  150       3.199      0.3291      0.3684       0.6975
  151       3.273      0.3291      0.3687       0.6978
  152        3.35      0.3291       0.369       0.6981
  153       3.428      0.3291      0.3694       0.6984
  154       3.508      0.3291      0.3697       0.6988
  155       3.589      0.3291        0.37       0.6991
  156       3.673      0.3291      0.3703       0.6994
  157       3.758      0.3291      0.3707       0.6998
  158       3.846      0.3291       0.371       0.7001
  159       3.936      0.3291      0.3714       0.7005
  160       4.027      0.3291      0.3718       0.7008
  161       4.121      0.3291      0.3721       0.7012
  162       4.217      0.3291      0.3725       0.7016
  163       4.315      0.3291      0.3729        0.702
  164       4.416      0.3291      0.3733       0.7024
  165       4.519      0.3291      0.3737       0.7028
  166       4.624      0.3291      0.3742       0.7032
  167       4.732      0.3291      0.3746       0.7037
  168       4.842      0.3291       0.375       0.7041
  169       4.955      0.3291      0.3755       0.7046
  170        5.07      0.3291      0.3759        0.705
  171       5.188      0.3291      0.3764       0.7055
  172       5.309      0.3291      0.3769        0.706
  173       5.433      0.3291      0.3774       0.7065
  174       5.559      0.3291      0.3779        0.707
  175       5.689      0.3291      0.3784       0.7075
  176       5.821      0.3291       0.379        0.708
  177       5.957      0.3291      0.3795       0.7086
  178       6.095      0.3291      0.3801       0.7091
  179       6.237      0.3291      0.3806       0.7097
  180       6.383      0.3291      0.3812       0.7103
  181       6.531      0.3291      0.3818       0.7109
  182       6.683      0.3291      0.3824       0.7115
  183       6.839      0.3291       0.383       0.7121
  184       6.998      0.3291      0.3837       0.7128
  185       7.161      0.3291      0.3843       0.7134
  186       7.328      0.3291       0.385       0.7141
  187       7.499      0.3291      0.3857       0.7148
  188       7.674      0.3291      0.3864       0.7155
  189       7.852      0.3291      0.3871       0.7162
  190       8.035      0.3291      0.3878       0.7169
  191       8.222      0.3291      0.3886       0.7177
  192       8.414      0.3291      0.3893       0.7184
  193        8.61      0.3291      0.3901       0.7192
  194        8.81      0.3291      0.3909         0.72
  195       9.016      0.3291      0.3918       0.7208
  196       9.226      0.3291      0.3926       0.7217
  197       9.441      0.3291      0.3935       0.7226
  198       9.661      0.3291      0.3943       0.7234
  199       9.886      0.3291      0.3952       0.7243
  200       10.12      0.3291      0.3962       0.7253
  201       10.35      0.3291      0.3971       0.7262
  202       10.59      0.3291      0.3981       0.7272
  203       10.84      0.3291      0.3991       0.7282
  204       11.09      0.3291      0.4001       0.7292
  205       11.35      0.3291      0.4011       0.7302
  206       11.61      0.3291      0.4022       0.7313
  207       11.89      0.3291      0.4033       0.7324
  208       12.16      0.3291      0.4044       0.7335
  209       12.45      0.3291      0.4055       0.7346
  210       12.74      0.3291      0.4067       0.7358
  211       13.03      0.3291      0.4079       0.7369
  212       13.34      0.3291      0.4091       0.7382
  213       13.65      0.3291      0.4103       0.7394
  214       13.96      0.3291      0.4116       0.7407
  215       14.29      0.3291      0.4129        0.742
  216       14.62      0.3291      0.4142       0.7433
  217       14.96      0.3291      0.4156       0.7447
  218       15.31      0.3291       0.417       0.7461
  219       15.67      0.3291      0.4184       0.7475
  220       16.03      0.3291      0.4199        0.749
  221       16.41      0.3291      0.4214       0.7505
  222       16.79      0.3291      0.4229        0.752
  223       17.18      0.3291      0.4245       0.7536
  224       17.58      0.3291      0.4261       0.7552
  225       17.99      0.3291      0.4277       0.7568
  226       18.41      0.3291      0.4294       0.7585
  227       18.84      0.3291      0.4311       0.7602
  228       19.28      0.3291      0.4329        0.762
  229       19.72      0.3291      0.4347       0.7638
  230       20.18        0.33      0.4365       0.7665
  231       20.65      0.3323      0.4384       0.7708
  232       21.13      0.3347      0.4403       0.7751
  233       21.63      0.3372      0.4423       0.7795
  234       22.13      0.3397      0.4443        0.784
  235       22.65      0.3423      0.4464       0.7887
  236       23.17      0.3449      0.4485       0.7934
  237       23.71      0.3476      0.4507       0.7982
  238       24.27      0.3503      0.4529       0.8032
  239       24.83      0.3531      0.4552       0.8083
  240       25.41       0.356      0.4575       0.8135
  241          26       0.359      0.4599       0.8188
  242       26.61       0.362      0.4623       0.8242
  243       27.23      0.3651      0.4648       0.8298
  244       27.86      0.3682      0.4673       0.8355
  245       28.51      0.3714      0.4699       0.8413
  246       29.17      0.3747      0.4726       0.8473
  247       29.85      0.3781      0.4753       0.8534
  248       30.55      0.3816      0.4781       0.8597
  249       31.26      0.3851      0.4809       0.8661
  250       31.99      0.3887      0.4839       0.8726
  251       32.73      0.3925      0.4868       0.8793
  252        33.5      0.3962      0.4899       0.8861
  253       34.28      0.4001       0.493       0.8932
  254       35.08      0.4041      0.4962       0.9003
  255       35.89      0.4082      0.4995       0.9077
  256       36.73      0.4123      0.5029       0.9152
  257       37.58      0.4166      0.5063       0.9229
  258       38.46      0.4209      0.5098       0.9307
  259       39.36      0.4254      0.5134       0.9388
  260       40.27      0.4312      0.5177       0.9488
  261       41.21        0.44      0.5236       0.9636
  262       42.17      0.4491      0.5296       0.9787
  263       43.15      0.4584      0.5358       0.9941
  264       44.16      0.4679      0.5421         1.01
  265       45.19      0.4776      0.5485        1.026
  266       46.24      0.4875      0.5551        1.043
  267       47.32      0.4977      0.5619         1.06
  268       48.42      0.5081      0.5688        1.077
  269       49.55      0.5188      0.5759        1.095
  270        50.7      0.5297      0.5831        1.113
  271       51.88      0.5408      0.5905        1.131
  272       53.09      0.5522      0.5981         1.15
  273       54.33      0.5639      0.6059         1.17
  274       55.59      0.5759      0.6138         1.19
  275       56.89      0.5881      0.6219         1.21
  276       58.21      0.6006      0.6303        1.231
  277       59.57      0.6134      0.6388        1.252
  278       60.95      0.6166      0.6526        1.269
  279       62.37      0.6152      0.6692        1.284
  280       63.83      0.6138      0.6862          1.3
  281       65.31      0.6123      0.7036        1.316
  282       66.83      0.6109      0.7214        1.332
  283       68.39      0.6094      0.7396        1.349
  284       69.98      0.6078      0.7582        1.366
  285       71.61      0.6062      0.7773        1.384
  286       73.28      0.6046      0.7968        1.401
  287       74.99       0.603      0.8167         1.42
  288       76.74      0.6013      0.8372        1.438
  289       78.52      0.5995      0.8581        1.458
  290       80.35      0.5984      0.8772        1.476
  291       82.22      0.5998      0.8869        1.487
  292       84.14      0.6013      0.8969        1.498
  293        86.1      0.6028      0.9072         1.51
  294        88.1      0.6043      0.9176        1.522
  295       90.16      0.6059      0.9284        1.534
  296       92.26      0.6075      0.9393        1.547
  297       94.41      0.6092      0.9505         1.56
  298       96.61      0.6109       0.962        1.573
  299       98.86      0.6126      0.9738        1.586
  300       101.2      0.6149      0.9811        1.596
  301       103.5      0.6179      0.9837        1.602
  302       105.9      0.6209      0.9864        1.607
  303       108.4      0.6239      0.9892        1.613
  304       110.9      0.6271      0.9921        1.619
  305       113.5      0.6303       0.995        1.625
  306       116.1      0.6336      0.9979        1.632
  307       118.9      0.6369       1.001        1.638
  308       121.6        0.64       1.001        1.641
  309       124.5      0.6428      0.9978        1.641
  310       127.4      0.6456      0.9949        1.641
  311       130.3      0.6486      0.9919        1.641
  312       133.4      0.6516      0.9889         1.64
  313       136.5      0.6546      0.9858         1.64
  314       139.6      0.6578      0.9826         1.64
  315       142.9      0.6603      0.9774        1.638
  316       146.2      0.6627      0.9719        1.635
  317       149.6      0.6652      0.9662        1.631
  318       153.1      0.6678      0.9604        1.628
  319       156.7      0.6704      0.9544        1.625
  320       160.3      0.6726      0.9481        1.621
  321       164.1      0.6688      0.9387        1.608
  322       167.9       0.665      0.9291        1.594
  323       171.8      0.6611      0.9194        1.581
  324       175.8      0.6572      0.9093        1.567
  325       179.9      0.6531      0.8991        1.552
  326       184.1       0.651      0.8893         1.54
  327       188.4      0.6488      0.8792        1.528
  328       192.8      0.6467       0.869        1.516
  329       197.2      0.6444      0.8585        1.503
  330       201.8      0.6422      0.8474         1.49
  331       206.5      0.6398      0.8356        1.475
  332       211.3      0.6374      0.8235        1.461
  333       216.3      0.6349      0.8112        1.446
  334       221.3      0.6328      0.7997        1.432
  335       226.5       0.632       0.791        1.423
  336       231.7       0.631      0.7822        1.413
  337       237.1      0.6301      0.7732        1.403
  338       242.7      0.6292       0.764        1.393
  339       248.3      0.6282      0.7545        1.383
  340       254.1      0.6225      0.7459        1.368
  341         260      0.6146      0.7375        1.352
  342       266.1      0.6065      0.7289        1.335
  343       272.3      0.5982      0.7201        1.318
  344       278.6      0.5898      0.7111        1.301
  345       285.1      0.5811      0.7019        1.283
  346       291.7      0.5723      0.6924        1.265
  347       298.5      0.5632      0.6828        1.246
  348       305.5      0.5508       0.677        1.228
  349       312.6      0.5374      0.6721         1.21
  350       319.9      0.5236      0.6672        1.191
  351       327.3      0.5095      0.6621        1.172
  352         335      0.4951      0.6569        1.152
  353       342.8      0.4803      0.6516        1.132
  354       350.8      0.4656      0.6463        1.112
  355       358.9      0.4545      0.6423        1.097
  356       367.3      0.4432      0.6382        1.081
  357       375.8      0.4316       0.634        1.066
  358       384.6      0.4198      0.6297        1.049
  359       393.6      0.4076      0.6254        1.033
  360       402.7      0.3966      0.6211        1.018
  361       412.1      0.3888      0.6172        1.006
  362       421.7      0.3807      0.6132       0.9939
  363       431.5      0.3725       0.609       0.9816
  364       441.6      0.3641      0.6048        0.969
  365       451.9      0.3562      0.6011       0.9573
  366       462.4      0.3514      0.5998       0.9511
  367       473.2      0.3464      0.5984       0.9448
  368       484.2      0.3413       0.597       0.9383
  369       495.5      0.3361      0.5956       0.9317
  370         507      0.3326      0.5951       0.9277
  371       518.8      0.3303      0.5952       0.9255
  372       530.9      0.3279      0.5954       0.9233
  373       543.3      0.3254      0.5956        0.921
  374       555.9      0.3229      0.5957       0.9186
  375       568.9      0.3203      0.5959       0.9162
  376       582.1      0.3176      0.5961       0.9137
  377       595.7      0.3149      0.5963       0.9112
  378       609.5      0.3127      0.5968       0.9095
  379       623.7      0.3106      0.5975       0.9081
  380       638.3      0.3084      0.5982       0.9066
  381       653.1      0.3062       0.599       0.9052
  382       668.3      0.3039      0.5997       0.9037
  383       683.9      0.3016      0.6005       0.9021
  384       699.8      0.2993      0.6013       0.9006
  385       716.1      0.2992      0.6022       0.9014
  386       732.8      0.2992      0.6031       0.9023
  387       749.9      0.2992       0.604       0.9032
  388       767.4      0.2992      0.6049       0.9042
  389       785.2      0.2993      0.6059       0.9051
  390       803.5      0.2994      0.6068       0.9062
  391       822.2      0.3004      0.6075       0.9078
  392       841.4      0.3013      0.6082       0.9095
  393         861      0.3023      0.6089       0.9112
  394         881      0.3033      0.6096       0.9129
  395       901.6      0.3042      0.6104       0.9147
  396       922.6      0.3047      0.6115       0.9162
  397       944.1      0.3051      0.6126       0.9177
  398       966.1      0.3055      0.6138       0.9193
  399       988.6       0.306      0.6149       0.9209
  400        1012      0.3062      0.6147       0.9209
  401        1035      0.3062      0.6131       0.9193
  402        1059      0.3061      0.6115       0.9177
  403        1084      0.3061      0.6099        0.916
  404        1109      0.3061      0.6082       0.9142
  405        1135      0.3061      0.6064       0.9125
  406        1161       0.306      0.6046       0.9107
  407        1189       0.306      0.6028       0.9088
  408        1216       0.306       0.601       0.9069
  409        1245      0.3059       0.599        0.905
  410        1274      0.3059      0.5971        0.903
  411        1303      0.3059      0.5951        0.901
  412        1334      0.3058      0.5931       0.8989
  413        1365      0.3058       0.591       0.8968
  414        1396      0.3058      0.5888       0.8946
  415        1429      0.3057      0.5866       0.8924
  416        1462      0.3057      0.5844       0.8901
  417        1496      0.3057      0.5821       0.8878
  418        1531      0.3056      0.5798       0.8854
  419        1567      0.3056      0.5774       0.8829
  420        1603      0.3055      0.5749       0.8804
  421        1641      0.3055      0.5724       0.8779
  422        1679      0.3055      0.5698       0.8753
  423        1718      0.3054      0.5672       0.8726
  424        1758      0.3054      0.5645       0.8699
  425        1799      0.3053      0.5617       0.8671
  426        1841      0.3053      0.5589       0.8642
  427        1884      0.3052       0.556       0.8613
  428        1928      0.3052      0.5531       0.8583
  429        1972      0.3051        0.55       0.8552
  430        2018      0.3045      0.5478       0.8522
  431        2065      0.3028      0.5467       0.8494
  432        2113       0.301      0.5456       0.8466
  433        2163      0.2993      0.5444       0.8437
  434        2213      0.2975      0.5432       0.8407
  435        2265      0.2956       0.542       0.8377
  436        2317      0.2937      0.5408       0.8345
  437        2371      0.2918      0.5396       0.8313
  438        2427      0.2898      0.5383       0.8281
  439        2483      0.2878       0.537       0.8247
  440        2541      0.2857      0.5356       0.8213
  441        2600      0.2836      0.5343       0.8178
  442        2661      0.2814      0.5329       0.8142
  443        2723      0.2792      0.5314       0.8106
  444        2786      0.2769      0.5299       0.8068
  445        2851      0.2745      0.5284        0.803
  446        2917      0.2722      0.5269       0.7991
  447        2985      0.2697      0.5253        0.795
